     0/299        0G      5.82      39.7      3.77      49.2         9       512         0         0         0         0       nan       nan       nan
     1/299        0G      5.87      32.3      3.77      41.9         9       512         0         0         0         0       nan       nan       nan
     2/299        0G      5.93      20.5      3.85      30.3         9       512         0         0         0         0       nan       nan       nan
     3/299        0G      5.72      9.38      3.58      18.7        11       512         0         0         0         0       nan       nan       nan
     4/299        0G      5.47      6.32      3.53      15.3         6       512         0         0         0         0       nan       nan       nan
     5/299        0G      5.45      5.15      3.55      14.1        12       512         0         0         0         0       nan       nan       nan
     6/299        0G      5.58       4.2      3.39      13.2         8       512         0         0         0         0       nan       nan       nan
     7/299        0G      5.41      4.18      3.28      12.9        12       512         0         0         0         0       nan       nan       nan
     8/299        0G      5.27      3.17      3.06      11.5        10       512         0         0         0         0       nan       nan       nan
     9/299        0G      5.29      3.24      3.02      11.5         9       512         0         0         0         0       nan       nan       nan
    10/299        0G      5.36      2.87      2.86      11.1         8       512         0         0         0         0       nan       nan       nan
    11/299        0G      5.37      2.85      2.93      11.2         9       512         0         0         0         0       nan       nan       nan
    12/299        0G      5.22       2.6      2.61      10.4         9       512         0         0         0         0       nan       nan       nan
    13/299        0G      5.13      2.66      2.57      10.4        10       512         0         0         0         0       nan       nan       nan
    14/299        0G      5.27       2.5      2.53      10.3         6       512     0.333     0.333     0.332     0.333       nan       nan       nan
    15/299        0G      4.86      2.62       2.4      9.88         8       512     0.333     0.333     0.332     0.333       nan       nan       nan
    16/299        0G      5.13      2.74       2.6      10.5        10       512     0.198     0.333     0.332     0.248       nan       nan       nan
    17/299        0G      4.95      2.31      2.42      9.67        10       512     0.198     0.333     0.332     0.248       nan       nan       nan
    18/299        0G      4.77      2.34      2.57      9.68        10       512     0.147     0.333     0.332     0.205       nan       nan       nan
    19/299        0G      4.78      2.77      2.57      10.1        12       512     0.147     0.333     0.332     0.205       nan       nan       nan
    20/299        0G      4.76      2.03      2.35      9.14         7       512     0.212     0.333     0.332     0.259       nan       nan       nan
    21/299        0G      4.67      2.42      2.34      9.44        10       512     0.212     0.333     0.332     0.259       nan       nan       nan
    22/299        0G       4.5      2.58      2.32      9.39        11       512     0.164     0.333     0.332      0.22       nan       nan       nan
    23/299        0G       4.6      2.55      2.27      9.42        11       512     0.164     0.333     0.332      0.22       nan       nan       nan
    24/299        0G      4.39      2.08      2.17      8.64         7       512    0.0917     0.333     0.332     0.144      4.92      2.31      2.33
    25/299        0G      4.45      2.16      2.22      8.82         8       512    0.0917     0.333     0.332     0.144      4.92      2.31      2.33
    26/299        0G      4.39      2.55       2.2      9.15        10       512     0.101     0.333     0.332     0.155      4.95      2.25      2.18
    27/299        0G      3.91      1.86      2.14      7.91         6       512     0.101     0.333     0.332     0.155      4.95      2.25      2.18
    28/299        0G      4.41       2.3      2.12      8.83        10       512    0.0926     0.333     0.348     0.145      4.95      2.21      2.05
    29/299        0G       4.2      2.57      2.01      8.79        13       512    0.0926     0.333     0.348     0.145      4.95      2.21      2.05
    30/299        0G      4.48      2.02      2.02      8.52         6       512    0.0882     0.333     0.359     0.139      4.79      2.17      1.95
    31/299        0G      4.09      2.34      1.98      8.41        11       512    0.0882     0.333     0.359     0.139      4.79      2.17      1.95
    32/299        0G      4.38       2.8      1.95      9.13        14       512     0.072     0.333     0.365     0.118      4.53      2.09      1.87
    33/299        0G      4.21       1.5      1.88       7.6         5       512     0.072     0.333     0.365     0.118      4.53      2.09      1.87
    34/299        0G      4.17      2.64      1.97      8.78        14       512     0.113     0.333     0.387     0.169      4.16      2.01      1.81
    35/299        0G      3.89      2.28      1.78      7.95        10       512     0.113     0.333     0.387     0.169      4.16      2.01      1.81
    36/299        0G      3.81      1.58       1.8      7.19         6       512    0.0837     0.333     0.387     0.134       3.8      1.95      1.79
    37/299        0G      4.16      2.12      1.78      8.06         9       512    0.0837     0.333     0.387     0.134       3.8      1.95      1.79
    38/299        0G       3.9      1.96       1.8      7.66        10       512     0.144     0.667      0.58     0.237      3.49      1.89      1.77
    39/299        0G      4.21      2.52      1.76      8.48        12       512     0.144     0.667      0.58     0.237      3.49      1.89      1.77
    40/299        0G      4.19       2.3       1.7      8.19        12       512     0.313      0.94     0.663      0.46      3.33      1.86      1.75
    41/299        0G      3.83       2.3      1.75      7.88        13       512     0.313      0.94     0.663      0.46      3.33      1.86      1.75
    42/299        0G      4.03      1.92      1.76      7.71         9       512     0.272         1     0.663     0.422      3.49      1.81      1.73
    43/299        0G      3.99      1.84      1.71      7.54         9       512     0.272         1     0.663     0.422      3.49      1.81      1.73
    44/299        0G      3.86      1.79      1.63      7.27        11       512     0.198         1     0.663     0.329       3.5      1.79      1.72
    45/299        0G      4.19      2.15      1.67      8.02        10       512     0.198         1     0.663     0.329       3.5      1.79      1.72
    46/299        0G      4.13      2.33      1.67      8.13        12       512     0.195         1     0.829     0.325      3.36      1.78      1.69
    47/299        0G      4.07      1.85      1.61      7.52         7       512     0.195         1     0.829     0.325      3.36      1.78      1.69
    48/299        0G      3.94       1.7      1.52      7.16         8       512     0.192         1     0.829     0.321      3.28      1.77      1.66
    49/299        0G      3.71      1.58      1.41       6.7         6       512     0.192         1     0.829     0.321      3.28      1.77      1.66
    50/299        0G      4.07      2.22      1.51       7.8        10       512     0.176         1     0.995     0.298      3.57      1.74      1.64
    51/299        0G      3.84      1.93      1.51      7.27        10       512     0.176         1     0.995     0.298      3.57      1.74      1.64
    52/299        0G      3.92      2.13      1.46      7.51        10       512     0.147     0.667     0.674     0.241      3.58      1.72      1.59
    53/299        0G      3.91      1.99      1.57      7.47         9       512     0.147     0.667     0.674     0.241      3.58      1.72      1.59
    54/299        0G      3.76      2.06      1.48       7.3         9       512     0.203         1     0.995     0.336      3.37      1.71      1.55
    55/299        0G      3.48      1.72      1.37      6.56         7       512     0.203         1     0.995     0.336      3.37      1.71      1.55
    56/299        0G      4.24      2.17      1.52      7.93        12       512     0.237         1     0.995      0.38      3.46       1.7      1.52
    57/299        0G      3.92      1.69      1.52      7.13         8       512     0.237         1     0.995      0.38      3.46       1.7      1.52
    58/299        0G      4.11      2.14      1.51      7.76        12       512     0.166         1     0.829     0.281      3.64       1.7      1.51
    59/299        0G       3.8      1.97      1.38      7.14        12       512     0.166         1     0.829     0.281      3.64       1.7      1.51
    60/299        0G       3.7      1.77      1.36      6.83         9       512     0.201         1     0.995     0.328      3.35      1.71      1.49
    61/299        0G      3.74      1.63      1.26      6.63         7       512     0.201         1     0.995     0.328      3.35      1.71      1.49
    62/299        0G      3.88      1.62      1.36      6.85         8       512     0.174         1     0.995     0.293      3.48      1.71      1.45
    63/299        0G      3.58      1.79      1.27      6.64        10       512     0.174         1     0.995     0.293      3.48      1.71      1.45
    64/299        0G      3.83      2.12      1.31      7.26        12       512     0.175         1     0.995     0.296      3.18       1.7      1.44
    65/299        0G      3.84      1.61      1.29      6.74         8       512     0.175         1     0.995     0.296      3.18       1.7      1.44
    66/299        0G      3.47      1.85      1.26      6.58         9       512     0.188         1     0.829     0.311      3.55      1.72      1.45
    67/299        0G       3.8      2.04      1.36       7.2        12       512     0.188         1     0.829     0.311      3.55      1.72      1.45
    68/299        0G      3.88      1.84      1.42      7.14         9       512     0.184         1     0.829     0.306      3.18       1.7      1.43
    69/299        0G       4.2      1.98      1.34      7.52        10       512     0.184         1     0.829     0.306      3.18       1.7      1.43
    70/299        0G       3.6      2.02      1.28       6.9        12       512     0.192         1     0.995     0.315      2.91      1.64      1.41
    71/299        0G      3.56      2.03      1.29      6.88        13       512     0.192         1     0.995     0.315      2.91      1.63      1.41
    72/299        0G      3.71      1.85      1.27      6.83        11       512     0.158         1     0.995     0.269      2.76      1.61       1.4
    73/299        0G      3.18      1.65       1.2      6.03         9       512     0.158         1     0.995     0.269      2.76      1.61       1.4
    74/299        0G      3.51      1.95       1.2      6.66        10       512     0.157         1     0.829     0.268      3.34       1.6       1.4
    75/299        0G      3.67      1.69      1.27      6.63        10       512     0.157         1     0.829     0.268      3.34       1.6       1.4
    76/299        0G      3.59      1.78      1.19      6.56        10       512     0.164         1     0.995      0.28      2.97      1.54      1.38
    77/299        0G      3.68      1.71      1.29      6.68        11       512     0.164         1     0.995      0.28      2.97      1.54      1.38
    78/299        0G      3.61      1.63      1.24      6.48         8       512      0.16         1     0.995     0.272      3.16      1.51      1.38
    79/299        0G      3.56      1.76      1.23      6.56        10       512      0.16         1     0.995     0.272      3.16      1.51      1.38
    80/299        0G      3.44      1.76       1.1       6.3        10       512     0.197         1     0.995     0.324       3.5      1.46      1.36
    81/299        0G      3.84      1.38      1.15      6.37         7       512     0.197         1     0.995     0.324       3.5      1.46      1.36
    82/299        0G      3.86      1.88      1.19      6.93        11       512     0.165         1     0.829     0.281      3.39      1.44      1.36
    83/299        0G      3.49      1.55      1.11      6.14         9       512     0.165         1     0.829     0.281      3.39      1.44      1.36
    84/299        0G      3.62      1.33      1.18      6.12         7       512     0.182         1     0.995     0.307      3.01      1.39      1.35
    85/299        0G      3.45      1.57      1.25      6.27         8       512     0.182         1     0.995     0.307      3.01      1.39      1.35
    86/299        0G      3.71      1.72      1.23      6.66        10       512      0.17         1     0.829     0.288      3.81      1.41      1.35
    87/299        0G      4.05      1.37       1.2      6.62         9       512      0.17         1     0.829     0.288      3.81      1.41      1.35
    88/299        0G      3.53      1.39      1.14      6.06         6       512     0.196         1     0.995     0.326      3.19      1.34      1.33
    89/299        0G      3.53      1.76      1.22      6.52        11       512     0.196         1     0.995     0.326      3.19      1.34      1.33
    90/299        0G      3.21      1.88       1.1      6.19        11       512     0.188         1     0.829     0.315       3.6      1.34      1.33
    91/299        0G      3.42      1.24      1.12      5.78         6       512     0.188         1     0.829     0.315       3.6      1.34      1.33
    92/299        0G      3.27      1.47      1.11      5.85         8       512     0.188         1     0.774     0.316      3.43      1.32      1.33
    93/299        0G      3.74      1.72      1.27      6.72        12       512     0.188         1     0.774     0.316      3.43      1.32      1.33
    94/299        0G       3.2       1.5      1.24      5.93         8       512     0.084     0.667     0.663     0.149      3.51      1.35      1.34
    95/299        0G      3.41      1.59       1.1      6.11         8       512     0.084     0.667     0.663     0.149      3.51      1.35      1.34
    96/299        0G      3.26      1.71      1.17      6.13        11       512     0.175         1     0.995     0.298      3.22      1.31      1.33
    97/299        0G      3.07      1.51      1.06      5.64        11       512     0.175         1     0.995     0.298      3.22      1.31      1.33
    98/299        0G      3.35      1.74      1.17      6.26        12       512    0.0828     0.667     0.663     0.147       3.5      1.32      1.33
    99/299        0G      3.64      1.43      1.06      6.13         8       512    0.0828     0.667     0.663     0.147       3.5      1.32      1.33
   100/299        0G      3.17      1.33      1.02      5.52         6       512     0.169         1     0.995     0.289       2.9      1.29      1.33
   101/299        0G      2.92      1.27      1.03      5.23         8       512     0.169         1     0.995     0.289       2.9      1.29      1.33
   102/299        0G      3.58      1.98      1.19      6.75        14       512     0.106     0.667     0.663     0.183      3.51      1.26      1.31
   103/299        0G      3.83      1.61       1.2      6.64        11       512     0.106     0.667     0.663     0.183      3.51      1.26      1.31
   104/299        0G      3.58      1.39      1.13      6.09         8       512     0.112     0.667     0.697     0.191      3.47      1.26      1.31
   105/299        0G      3.69       1.7       1.1       6.5        10       512     0.112     0.667     0.697     0.191      3.47      1.26      1.31
   106/299        0G      3.22      1.92      1.08      6.23        14       512     0.196         1     0.995     0.328      2.68       1.2      1.29
   107/299        0G      3.72      1.33      1.22      6.27         7       512     0.196         1     0.995     0.328      2.68       1.2      1.29
   108/299        0G      3.15      1.42      1.09      5.67        10       512     0.216         1     0.995     0.355      2.64      1.19      1.28
   109/299        0G      3.18      1.38      1.04       5.6        10       512     0.216         1     0.995     0.355      2.64      1.19      1.28
   110/299        0G      3.14       1.3      1.09      5.53         7       512     0.221         1     0.829     0.359      2.97      1.18      1.27
   111/299        0G      3.29      1.39     0.967      5.64         9       512     0.221         1     0.829     0.359      2.97      1.18      1.27
   112/299        0G      3.57      1.57      1.13      6.27        10       512     0.229         1     0.829     0.371      3.11      1.16      1.27
   113/299        0G      3.33      1.66      1.05      6.04        12       512     0.229         1     0.829     0.371      3.11      1.16      1.27
   114/299        0G      3.39      1.51      1.14      6.04        11       512     0.248         1     0.995     0.396      2.58      1.13      1.27
   115/299        0G      2.99      1.35      1.02      5.36        10       512     0.248         1     0.995     0.396      2.58      1.13      1.27
   116/299        0G      3.06      1.31     0.997      5.37         7       512     0.281         1     0.995      0.43      2.61      1.11      1.26
   117/299        0G      3.22      1.35      1.05      5.62         8       512     0.281         1     0.995      0.43      2.61      1.11      1.26
   118/299        0G      3.17      1.78       1.1      6.05        13       512     0.213         1     0.995     0.351      2.81      1.12      1.27
   119/299        0G      3.54      1.74      1.06      6.33        13       512     0.213         1     0.995     0.351      2.81      1.12      1.27
   120/299        0G      3.13      1.53      1.06      5.72         9       512     0.238         1     0.995     0.383      2.65      1.12      1.27
   121/299        0G      3.09      1.27      1.06      5.43         7       512     0.238         1     0.995     0.383      2.65      1.12      1.27
   122/299        0G      2.88      1.39      1.08      5.35        10       512      0.28         1     0.995     0.429      2.57       1.1      1.26
   123/299        0G      3.33      1.25     0.966      5.55         8       512      0.28         1     0.995     0.429      2.57       1.1      1.26
   124/299        0G      3.19      1.21      1.02      5.42         9       512     0.305         1     0.995     0.458      2.67      1.09      1.26
   125/299        0G      3.26      1.39      1.08      5.73         7       512     0.305         1     0.995     0.458      2.67      1.09      1.26
   126/299        0G      2.86      1.27      1.02      5.15         8       512     0.294         1     0.995     0.444      2.48      1.09      1.26
   127/299        0G      2.71      1.45     0.928      5.09        10       512     0.294         1     0.995     0.444      2.48      1.09      1.26
   128/299        0G      2.71      1.27      1.05      5.02        10       512     0.323         1     0.995     0.478      2.38      1.08      1.26
   129/299        0G      3.37      1.33      1.13      5.83        10       512     0.323         1     0.995     0.478      2.38      1.08      1.26
   130/299        0G      3.27      1.16      1.06      5.49         8       512     0.217         1     0.829     0.352      3.03      1.11      1.26
   131/299        0G      3.15      1.27      1.02      5.44         8       512     0.217         1     0.829     0.352      3.03      1.11      1.26
   132/299        0G      3.04      1.39     0.974       5.4        10       512      0.23         1     0.829     0.368      2.78      1.09      1.26
   133/299        0G         3       1.5     0.982      5.48        13       512      0.23         1     0.829     0.368      2.78      1.09      1.26
   134/299        0G      3.27      1.53      1.07      5.86        11       512     0.222         1     0.995     0.359      2.85      1.07      1.26
   135/299        0G      3.17      1.45      1.07      5.69        12       512     0.222         1     0.995     0.359      2.85      1.07      1.26
   136/299        0G      3.07      1.33       1.1       5.5        11       512     0.293         1     0.995     0.451      2.87      1.08      1.26
   137/299        0G      2.81       1.3      1.02      5.12         9       512     0.293         1     0.995     0.451      2.87      1.07      1.26
   138/299        0G      3.05      1.38      1.12      5.55        10       512     0.302         1     0.995     0.444      2.64      1.07      1.25
   139/299        0G       3.2      1.29      1.11       5.6        10       512     0.302         1     0.995     0.444      2.64      1.07      1.25
   140/299        0G       3.5      1.73      1.06       6.3        15       512     0.178     0.667     0.663     0.276      3.21      1.08      1.24
   141/299        0G      3.27     0.958     0.939      5.17         5       512     0.178     0.667     0.663     0.276      3.21      1.08      1.24
   142/299        0G      3.14      1.37      1.02      5.53         9       512     0.343         1     0.995     0.498      2.51      1.05      1.25
   143/299        0G      2.87      1.45       1.1      5.42        10       512     0.343         1     0.995     0.498      2.51      1.05      1.25
   144/299        0G      2.92      1.13      1.05       5.1        10       512     0.247     0.873     0.746     0.383      2.63      1.05      1.24
   145/299        0G      2.75       1.1      1.03      4.88         9       512     0.247     0.873     0.746     0.383      2.63      1.05      1.24
   146/299        0G      3.21       1.5      1.05      5.76        12       512     0.336         1     0.995     0.488      2.67      1.04      1.24
   147/299        0G      3.19      1.54      1.13      5.86        13       512     0.336         1     0.995     0.488      2.67      1.04      1.24
   148/299        0G      3.17      1.58      1.03      5.77        13       512      0.35         1     0.995     0.507      2.16      1.01      1.24
   149/299        0G      2.52      1.02     0.981      4.53         8       512      0.35         1     0.995     0.507      2.16      1.01      1.24
   150/299        0G       2.8      1.47       1.1      5.37        12       512     0.323         1     0.995     0.473      2.48      1.01      1.24
   151/299        0G       2.7      1.13      1.01      4.84         8       512     0.323         1     0.995     0.473      2.48      1.01      1.24
   152/299        0G      2.95      1.37      1.17      5.49        11       512     0.294         1     0.995     0.453      2.23     0.991      1.23
   153/299        0G      2.78      1.09      1.01      4.89         9       512     0.294         1     0.995     0.453      2.23     0.991      1.23
   154/299        0G      2.81       1.1      1.05      4.96        10       512     0.324         1     0.995     0.474      2.53      1.01      1.23
   155/299        0G      2.79      1.25      1.02      5.05        11       512     0.324         1     0.995     0.474      2.53      1.01      1.23
   156/299        0G      2.78      1.43      1.06      5.27        12       512     0.373         1     0.995     0.534      2.13     0.968      1.22
   157/299        0G      2.62      1.15      1.08      4.85         8       512     0.373         1     0.995     0.534      2.13     0.967      1.22
   158/299        0G      2.49      0.95      1.03      4.47         6       512     0.334         1     0.995     0.492      2.35     0.969      1.21
   159/299        0G      2.55      1.31      1.04       4.9         9       512     0.334         1     0.995     0.492      2.35     0.968      1.21
   160/299        0G       2.4      1.17      0.98      4.55         8       512     0.365         1     0.995     0.526      2.01     0.948      1.21
   161/299        0G      2.54      1.08      1.11      4.72         6       512     0.365         1     0.995     0.526      2.01     0.948      1.21
   162/299        0G      2.62      1.22     0.965       4.8        10       512     0.308         1     0.995     0.454      2.38     0.981       1.2
   163/299        0G      2.57     0.967      1.13      4.67         8       512     0.308         1     0.995     0.454      2.38     0.981       1.2
   164/299        0G      2.74      1.47       1.1      5.31        12       512     0.341         1     0.995     0.504       2.2     0.957      1.19
   165/299        0G      2.71      1.04     0.911      4.67         7       512     0.341         1     0.995     0.504       2.2     0.957      1.19
   166/299        0G      2.82      1.17     0.989      4.98        11       512     0.329         1     0.829     0.481      2.35     0.964      1.18
   167/299        0G      2.46       1.1      0.97      4.53         8       512     0.329         1     0.829     0.481      2.35     0.964      1.18
   168/299        0G      2.84      1.63      1.11      5.58        16       512     0.356         1     0.995     0.523      2.27     0.943      1.17
   169/299        0G       2.8       1.3      1.03      5.13        12       512     0.356         1     0.995     0.523      2.27     0.943      1.17
   170/299        0G      2.35      1.04     0.929      4.33         8       512     0.352         1     0.995     0.518      2.31     0.937      1.16
   171/299        0G      2.65      1.25      1.02      4.92        10       512     0.352         1     0.995     0.518      2.31     0.937      1.16
   172/299        0G      2.57      1.39      1.01      4.97        13       512     0.272         1     0.995     0.423      2.34     0.942      1.16
   173/299        0G      2.57       1.4      1.05      5.02        12       512     0.272         1     0.995     0.423      2.34     0.942      1.16
   174/299        0G      2.47       1.3     0.991      4.76        13       512     0.335         1     0.995      0.49      2.15      0.93      1.15
   175/299        0G      2.21     0.884     0.898      3.99         6       512     0.335         1     0.995      0.49      2.15      0.93      1.15
   176/299        0G       2.5      1.21     0.992      4.71        10       512     0.296         1     0.995     0.456      2.51     0.934      1.15
   177/299        0G      2.49      1.22      1.09      4.79        10       512     0.296         1     0.995     0.456      2.51     0.934      1.15
   178/299        0G      2.62      1.33      1.09      5.04        11       512     0.342         1     0.995     0.497      2.05     0.895      1.14
   179/299        0G      2.37      1.15      0.98       4.5        11       512     0.342         1     0.995     0.497      2.05     0.895      1.14
   180/299        0G      2.41     0.951     0.991      4.35         7       512     0.312         1     0.995     0.476      2.04     0.887      1.14
   181/299        0G      2.59      1.24     0.979       4.8        11       512     0.312         1     0.995     0.476      2.04     0.887      1.14
   182/299        0G      2.56     0.968     0.969       4.5         9       512     0.284         1     0.995      0.44      2.32       0.9      1.13
   183/299        0G      2.36      1.18     0.922      4.46        10       512     0.284         1     0.995      0.44      2.32       0.9      1.13
   184/299        0G      2.48      1.15      1.04      4.66         9       512     0.419         1     0.995     0.585      1.87     0.863      1.13
   185/299        0G      2.24      1.17     0.921      4.34        10       512     0.419         1     0.995     0.585      1.87     0.863      1.13
   186/299        0G      2.51      1.12     0.986      4.62         9       512     0.444         1     0.995     0.608      1.89     0.869      1.12
   187/299        0G      2.53     0.986      1.04      4.55         7       512     0.444         1     0.995     0.608      1.89     0.869      1.12
   188/299        0G      2.59      1.26      1.08      4.93        12       512     0.447         1     0.995      0.61      2.12     0.874      1.11
   189/299        0G      2.75      1.12         1      4.86        10       512     0.447         1     0.995      0.61      2.12     0.874      1.11
   190/299        0G      2.59      1.05     0.895      4.53         8       512     0.441         1     0.995     0.605      1.89     0.856      1.11
   191/299        0G      2.29      1.09     0.985      4.37         8       512     0.441         1     0.995     0.605      1.89     0.856      1.11
   192/299        0G      2.41      1.06      0.92      4.39         9       512     0.326         1     0.995     0.492         2      0.86       1.1
   193/299        0G      2.18      1.18     0.934      4.29        11       512     0.326         1     0.995     0.492         2     0.859       1.1
   194/299        0G      2.26      1.09     0.873      4.21         9       512     0.347         1     0.995       0.5      2.26     0.866       1.1
   195/299        0G      2.23      1.18     0.905      4.32        12       512     0.347         1     0.995       0.5      2.26     0.866       1.1
   196/299        0G      2.39     0.984     0.903      4.27         9       512     0.365         1     0.995     0.524      2.11      0.85       1.1
   197/299        0G      2.32      1.08     0.975      4.37         7       512     0.365         1     0.995     0.524      2.11      0.85       1.1
   198/299        0G      2.14      1.06     0.984      4.18        11       512     0.388         1     0.995     0.553      2.04     0.842       1.1
   199/299        0G      2.62      1.07     0.917       4.6        10       512     0.388         1     0.995     0.553      2.04     0.841       1.1
   200/299        0G      2.23      1.21     0.941      4.38        12       512     0.451         1     0.995     0.615      1.97     0.829      1.09
   201/299        0G      2.27      1.07     0.909      4.25         9       512     0.451         1     0.995     0.615      1.97     0.829      1.09
   202/299        0G      2.17     0.952     0.818      3.95         8       512     0.393         1     0.995     0.558      1.91      0.82      1.09
   203/299        0G      2.19     0.966     0.884      4.04        10       512     0.393         1     0.995     0.558      1.91      0.82      1.09
   204/299        0G      2.51      0.94     0.939      4.39         9       512      0.45         1     0.995     0.613      2.12     0.827      1.09
   205/299        0G      2.39      1.04     0.884      4.31         6       512      0.45         1     0.995     0.613      2.12     0.827      1.09
   206/299        0G      2.66      1.28     0.948      4.88        14       512     0.454         1     0.995     0.618      1.95     0.813      1.09
   207/299        0G      2.61      0.86     0.859      4.33         8       512     0.454         1     0.995     0.618      1.95     0.813      1.09
   208/299        0G      2.19      1.17     0.843       4.2        11       512     0.443         1     0.995      0.61      2.08     0.818      1.09
   209/299        0G         2      1.04     0.893      3.93         9       512     0.443         1     0.995      0.61      2.08     0.818      1.09
   210/299        0G       2.4      1.06     0.892      4.35        11       512     0.398         1     0.995     0.564      1.88       0.8      1.08
   211/299        0G      2.38      1.11     0.993      4.48         9       512     0.398         1     0.995     0.564      1.88       0.8      1.08
   212/299        0G      2.35      1.08      1.01      4.44        10       512     0.461         1     0.995     0.625       1.9       0.8      1.08
   213/299        0G      2.26      1.22     0.968      4.45        11       512     0.461         1     0.995     0.625       1.9       0.8      1.08
   214/299        0G      2.13      1.01     0.915      4.06        10       512     0.453         1     0.995     0.619      1.88     0.792      1.08
   215/299        0G      1.87     0.932     0.848      3.65        10       512     0.453         1     0.995     0.619      1.88     0.792      1.08
   216/299        0G      2.01     0.953     0.905      3.86         8       512     0.466         1     0.995      0.63      1.99     0.792      1.07
   217/299        0G      2.34     0.837     0.963      4.14         8       512     0.466         1     0.995      0.63      1.99     0.791      1.07
   218/299        0G      2.15      1.01      0.84         4        11       512     0.516         1     0.995     0.681       1.9     0.782      1.07
   219/299        0G      2.23      1.13     0.926      4.29        12       512     0.516         1     0.995     0.681       1.9     0.781      1.07
   220/299        0G      2.43      1.55     0.973      4.95        14       512     0.462         1     0.995     0.626      1.84     0.775      1.06
   221/299        0G      2.17     0.978     0.934      4.09         9       512     0.462         1     0.995     0.626      1.84     0.775      1.06
   222/299        0G      2.51      1.21         1      4.72        11       512     0.515         1     0.995      0.68      1.67     0.764      1.06
   223/299        0G      2.13      1.19      0.95      4.27        13       512     0.515         1     0.995      0.68      1.67     0.764      1.06
   224/299        0G      2.19      1.23     0.952      4.37        12       512     0.461         1     0.995     0.624      1.87      0.77      1.06
   225/299        0G      2.26      1.01     0.926       4.2         8       512     0.461         1     0.995     0.624      1.87      0.77      1.06
   226/299        0G      1.95     0.877     0.829      3.65        10       512     0.463         1     0.995     0.627      1.69     0.757      1.05
   227/299        0G         2      1.01     0.832      3.85         7       512     0.463         1     0.995     0.627      1.69     0.757      1.05
   228/299        0G      2.23     0.864     0.889      3.98         7       512     0.461         1     0.995     0.625      1.81     0.754      1.05
   229/299        0G      2.58      1.21     0.925      4.71        12       512     0.461         1     0.995     0.625      1.81     0.754      1.05
   230/299        0G      1.92     0.915     0.814      3.64        11       512     0.441         1     0.995     0.602      1.73     0.746      1.05
   231/299        0G      2.17      1.29     0.911      4.36        14       512     0.441         1     0.995     0.602      1.73     0.746      1.05
   232/299        0G      2.04     0.923     0.874      3.84         8       512     0.461         1     0.995     0.625      1.79     0.746      1.05
   233/299        0G      2.16     0.918     0.824       3.9         7       512     0.461         1     0.995     0.625      1.79     0.746      1.05
   234/299        0G      1.91      1.07     0.817      3.79        11       512     0.406         1     0.995     0.572      1.79     0.737      1.04
   235/299        0G      2.44      1.15     0.976      4.57        13       512     0.406         1     0.995     0.572      1.79     0.737      1.04
   236/299        0G      2.07      1.08     0.938      4.08        13       512     0.404         1     0.995      0.57      1.85     0.742      1.04
   237/299        0G       1.9     0.773     0.893      3.57         6       512     0.404         1     0.995      0.57      1.85     0.742      1.04
   238/299        0G      2.07     0.808     0.952      3.83         8       512     0.458         1     0.995     0.623      1.86     0.739      1.04
   239/299        0G      1.98     0.997     0.881      3.86        11       512     0.458         1     0.995     0.623      1.86     0.739      1.04
   240/299        0G      1.97      1.05      0.86      3.88        11       512     0.518         1     0.995     0.682      1.92     0.735      1.03
   241/299        0G      2.12     0.846     0.943      3.91         8       512     0.518         1     0.995     0.682      1.92     0.734      1.03
   242/299        0G       2.5     0.867     0.881      4.25         6       512      0.52         1     0.995     0.684      1.91      0.73      1.03
   243/299        0G      2.29      1.05     0.865       4.2        11       512      0.52         1     0.995     0.684      1.91      0.73      1.03
   244/299        0G      1.85      1.01     0.853      3.71        12       512     0.521         1     0.995     0.685      2.03     0.737      1.03
   245/299        0G      2.12      1.14     0.947      4.21        10       512     0.521         1     0.995     0.685      2.03     0.737      1.03
   246/299        0G         2     0.981     0.827      3.81        10       512     0.521         1     0.995     0.685       1.8     0.721      1.03
   247/299        0G      2.21      1.09     0.872      4.17        11       512     0.521         1     0.995     0.685       1.8     0.721      1.03
   248/299        0G      1.86     0.889     0.933      3.69         9       512     0.459         1     0.995     0.625      1.98     0.735      1.03
   249/299        0G      2.01     0.984     0.876      3.87        11       512     0.459         1     0.995     0.625      1.98     0.735      1.03
   250/299        0G         2     0.947     0.915      3.87         8       512     0.521         1     0.995     0.685      1.89     0.724      1.02
   251/299        0G      2.21      1.01     0.923      4.15        11       512     0.521         1     0.995     0.685      1.89     0.723      1.02
   252/299        0G      1.98     0.956     0.828      3.77         9       512     0.522         1     0.995     0.686      1.81     0.712      1.02
   253/299        0G      2.28      1.08     0.942       4.3        11       512     0.522         1     0.995     0.686      1.81     0.712      1.02
   254/299        0G      2.06      1.19     0.851       4.1        12       512     0.521         1     0.995     0.685      1.69     0.697      1.02
   255/299        0G      1.94     0.738     0.777      3.45         6       512     0.521         1     0.995     0.685      1.69     0.696      1.02
   256/299        0G       2.2      1.01     0.839      4.05        10       512     0.521         1     0.995     0.685      1.77       0.7      1.02
   257/299        0G      2.71      1.33     0.926      4.96        12       512     0.521         1     0.995     0.685      1.77       0.7      1.02
   258/299        0G      2.14     0.955     0.888      3.98        11       512      0.51         1     0.995     0.675      1.76     0.694      1.01
   259/299        0G      2.16      1.25     0.927      4.34        13       512      0.51         1     0.995     0.675      1.76     0.694      1.01
   260/299        0G         2      1.07     0.875      3.94        11       512     0.501         1     0.995     0.666      1.89     0.706      1.01
   261/299        0G         2      1.17     0.836         4        13       512     0.501         1     0.995     0.666      1.89     0.706      1.01
   262/299        0G      1.91      1.13     0.893      3.93        13       512     0.495         1     0.995     0.661      1.89     0.706      1.01
   263/299        0G      2.09     0.872     0.901      3.86         9       512     0.495         1     0.995     0.661      1.89     0.706      1.01
   264/299        0G      2.25      1.12     0.964      4.33        13       512     0.505         1     0.995      0.67      1.72     0.689      1.01
   265/299        0G      2.01     0.981     0.791      3.79        10       512     0.505         1     0.995      0.67      1.72     0.689      1.01
   266/299        0G      1.89     0.681     0.734       3.3         7       512     0.523         1     0.995     0.686      1.59     0.676      1.01
   267/299        0G      2.23     0.888     0.894      4.01         8       512     0.523         1     0.995     0.686      1.59     0.676      1.01
   268/299        0G      1.82     0.981     0.742      3.54         7       512     0.524         1     0.995     0.688      1.56     0.671         1
   269/299        0G      1.91     0.866     0.872      3.65         8       512     0.524         1     0.995     0.688      1.56     0.671         1
   270/299        0G      2.05     0.926     0.776      3.75         9       512     0.526         1     0.995     0.689      1.61     0.675         1
   271/299        0G       1.9     0.982     0.868      3.75        12       512     0.526         1     0.995     0.689      1.61     0.675         1
   272/299        0G      1.93     0.906     0.769      3.61         9       512     0.527         1     0.995      0.69      1.76     0.689         1
   273/299        0G      1.81     0.758     0.847      3.41         7       512     0.527         1     0.995      0.69      1.76     0.689         1
   274/299        0G      1.93     0.936     0.783      3.65        12       512     0.528         1     0.995     0.691      1.71     0.683     0.998
   275/299        0G      1.99      1.07     0.836       3.9        12       512     0.528         1     0.995     0.691      1.71     0.683     0.998
   276/299        0G      1.57     0.741     0.828      3.14         9       512     0.528         1     0.995     0.691      1.72     0.684     0.996
   277/299        0G      1.82      1.11     0.864      3.79        13       512     0.528         1     0.995     0.691      1.72     0.684     0.996
   278/299        0G      1.94     0.871     0.812      3.63         8       512     0.528         1     0.995     0.691      1.82     0.697     0.995
   279/299        0G      2.17     0.861     0.906      3.94         9       512     0.528         1     0.995     0.691      1.82     0.697     0.995
   280/299        0G      1.93      1.02     0.812      3.77        10       512     0.528         1     0.995     0.691      1.76     0.692     0.993
   281/299        0G      2.06     0.772     0.819      3.65         8       512     0.528         1     0.995     0.691      1.76     0.692     0.993
   282/299        0G       1.9     0.982     0.807      3.69        11       512     0.529         1     0.995     0.692      1.69     0.683      0.99
   283/299        0G       1.9     0.887     0.793      3.58         8       512     0.529         1     0.995     0.692      1.69     0.683      0.99
   284/299        0G      1.76     0.847     0.855      3.47        10       512     0.528         1     0.995     0.691      1.74     0.688     0.989
   285/299        0G      1.64     0.686     0.726      3.05         5       512     0.528         1     0.995     0.691      1.74     0.688     0.989
   286/299        0G       2.1      1.08     0.924       4.1        13       512     0.528         1     0.995     0.691      1.81     0.694     0.988
   287/299        0G      2.13      0.82     0.863      3.81         8       512     0.528         1     0.995     0.691      1.81     0.694     0.988
   288/299        0G      1.81     0.859     0.814      3.48        10       512     0.528         1     0.995     0.691      1.74     0.683     0.987
   289/299        0G      2.29      0.86     0.872      4.02        10       512     0.528         1     0.995     0.691      1.74     0.683     0.987
   290/299        0G      1.85     0.874     0.946      3.67        10       512     0.529         1     0.995     0.692      1.69     0.675     0.985
   291/299        0G      1.91      0.95     0.894      3.75         8       512     0.529         1     0.995     0.692      1.69     0.675     0.985
   292/299        0G      1.78     0.935     0.865      3.58         9       512     0.529         1     0.995     0.692      1.71     0.675     0.984
   293/299        0G      2.04      1.21     0.983      4.23        16       512     0.529         1     0.995     0.692      1.71     0.675     0.984
   294/299        0G      1.79      1.15     0.751      3.69        12       512      0.53         1     0.995     0.693      1.65     0.666     0.984
   295/299        0G      1.79     0.823      0.96      3.57         9       512      0.53         1     0.995     0.693      1.65     0.666     0.984
   296/299        0G      2.06     0.997     0.856      3.91        11       512      0.53         1     0.995     0.693      1.63      0.66     0.983
   297/299        0G      2.06      1.03     0.842      3.93        11       512      0.53         1     0.995     0.693      1.63      0.66     0.983
   298/299        0G      1.78     0.746     0.799      3.33         8       512     0.531         1     0.995     0.693      1.59     0.655     0.982
   299/299        0G      2.13     0.952     0.986      4.07         8       512     0.531         1     0.995     0.693      1.59     0.655     0.982
